{
 "cells": [
  {
   "cell_type": "code",
   "execution_count": 40,
   "metadata": {},
   "outputs": [
    {
     "name": "stdout",
     "output_type": "stream",
     "text": [
      "prob_principle.shape:(10000, 4)\n"
     ]
    }
   ],
   "source": [
    "# T 和 C 的比例不均衡，没有ST和LC\n",
    "import numpy as np\n",
    "import matplotlib.pyplot as plt\n",
    "from utils import setup_seed\n",
    "\n",
    "setup_seed(0)\n",
    "# 500个x样本\n",
    "n = 10000\n",
    "d=  10\n",
    "x = np.random.randn(n, d)\n",
    "persudable = 0.1*(np.cos(x[:,:5]).sum(axis=1,keepdims=True)+2.0)\n",
    "# surething = 0.5*(x.sum(axis=1,keepdims=True))**2\n",
    "# surething = 0.5*np.cos(x[:,:].sum(axis=1,keepdims=True)+1)\n",
    "# sleepingdog = 0.5*np.sin(2*x[:,:]).sum(axis=1,keepdims=True)\n",
    "# lostcause = 0.5*x.sum(axis=1,keepdims=True)**3\n",
    "lostcause = 0.5*np.sin(x[:,:].sum(axis=1,keepdims=True)+1)\n",
    "cate = persudable - lostcause\n",
    "\n",
    "# concat 上述4个变量并且softmax\n",
    "prob_principle = np.concatenate((persudable, surething, sleepingdog, lostcause), axis=1)\n",
    "prob_principle = np.exp(prob_principle) / np.sum(np.exp(prob_principle), axis=1, keepdims=True)\n",
    "print(f'prob_principle.shape:{prob_principle.shape}')\n",
    "n_principles = np.zeros_like(prob_principle)\n",
    "sum_principles = np.zeros((1,4))\n",
    "# 对于每个y，生成50个样本，每个样本对应于y[:,0], y[:,1], y[:,2], y[:,3]中的概率值\n",
    "# obs_x = x.repeat(50, axis=2)\n",
    "# print(obs_x.shape)\n",
    "obs_data = np.zeros((n, 16))\n",
    "obs_data[:,10] = np.random.binomial(n=1, p=0.1, size=n)\n",
    "cnt = 0\n",
    "for i in range(n):\n",
    "    # t\n",
    "    obs_data[i,:10] = x[i,:]\n",
    "    # 属于每层的概率\n",
    "    obs_data[i,12:16] = prob_principle[i,:]\n",
    "    if np.argmax(prob_principle[i,:]) == 0:\n",
    "        obs_data[i,11] = obs_data[i,10]\n",
    "    elif np.argmax(prob_principle[i,:]) == 1:\n",
    "        obs_data[i,11] = 1\n",
    "    elif np.argmax(prob_principle[i,:]) == 2:\n",
    "        obs_data[i,11] = 1-obs_data[i,10]\n",
    "    elif np.argmax(prob_principle[i,:]) == 3:\n",
    "        obs_data[i,11] = 0"
   ]
  },
  {
   "cell_type": "code",
   "execution_count": 41,
   "metadata": {},
   "outputs": [],
   "source": [
    "from sklearn.model_selection import train_test_split\n",
    "train_data, test_data = train_test_split(obs_data, test_size=0.2, random_state=0)\n",
    "valid_data, test_data = train_test_split(test_data, test_size=0.5, random_state=0)\n",
    "np.savez('D:\\code\\ecrank\\principle-uplift\\data\\syntheticv7.npz', train=np.array(train_data), valid=np.array(valid_data), test=np.array(test_data))\n"
   ]
  },
  {
   "cell_type": "code",
   "execution_count": 42,
   "metadata": {},
   "outputs": [
    {
     "name": "stdout",
     "output_type": "stream",
     "text": [
      "treated group num: 1002.0/10000\n",
      "num_persuadable:5727, num_surething:498, num_sleepingdog:3281, num_lostcause:494\n"
     ]
    }
   ],
   "source": [
    "num_persuadable = 0\n",
    "num_surething = 0\n",
    "num_sleepingdog = 0\n",
    "num_lostcause = 0\n",
    "\n",
    "for i in range(obs_data.shape[0]):\n",
    "    tmp = np.argmax(obs_data[i,12:16])\n",
    "    if tmp == 0:\n",
    "        num_persuadable += 1\n",
    "    elif tmp == 1:\n",
    "        num_surething += 1\n",
    "    elif tmp == 2:\n",
    "        num_sleepingdog += 1\n",
    "    elif tmp == 3:\n",
    "        num_lostcause += 1\n",
    "\n",
    "print(f'treated group num: {obs_data[:,10].sum()}/{obs_data.shape[0]}')\n",
    "print(f'num_persuadable:{num_persuadable}, num_surething:{num_surething}, num_sleepingdog:{num_sleepingdog}, num_lostcause:{num_lostcause}')"
   ]
  },
  {
   "cell_type": "code",
   "execution_count": 4,
   "metadata": {},
   "outputs": [
    {
     "data": {
      "text/plain": [
       "array([-1.15596149, -1.54013138, -0.52239227,  0.75534745,  0.520944  ,\n",
       "        2.2820031 ,  0.6241646 ,  0.18202274, -0.82494562, -1.03549233,\n",
       "        1.        ,  0.        ,  0.26505032,  0.22633257,  0.27581825,\n",
       "        0.23279887])"
      ]
     },
     "execution_count": 4,
     "metadata": {},
     "output_type": "execute_result"
    }
   ],
   "source": [
    "test_data[18]"
   ]
  },
  {
   "cell_type": "code",
   "execution_count": 20,
   "metadata": {},
   "outputs": [
    {
     "name": "stdout",
     "output_type": "stream",
     "text": [
      "[0.236882   0.69280878 0.030216   0.04009322]\n",
      "[0.42606741 0.16445257 0.24808745 0.16139257]\n",
      "[2.89592999e-04 9.97453039e-01 2.25736767e-03 3.02591321e-16]\n",
      "[3.10892243e-16 2.70118808e-12 1.01930203e-16 1.00000000e+00]\n",
      "[1.04317698e-03 9.94104982e-01 4.85184075e-03 4.23005260e-12]\n",
      "[0.40518467 0.16209748 0.27539053 0.15732732]\n",
      "[0.16598496 0.15851165 0.51723852 0.15826487]\n",
      "[2.01491128e-05 1.93915989e-03 1.16060947e-04 9.97924630e-01]\n",
      "[0.06182268 0.18241547 0.42881758 0.32694427]\n",
      "[1.37787745e-02 9.74457109e-01 1.17594894e-02 4.62757434e-06]\n",
      "[1.50137858e-05 1.56557148e-03 8.34054010e-05 9.98336009e-01]\n",
      "[0.12541474 0.16482385 0.52622029 0.18354113]\n",
      "[2.12630095e-10 2.43549984e-07 2.72354339e-10 9.99999756e-01]\n",
      "[0.33063481 0.54405017 0.0363278  0.08898722]\n",
      "[3.14919209e-02 9.53627279e-01 1.47705964e-02 1.10203547e-04]\n",
      "[6.01650296e-04 9.95770954e-01 3.62739602e-03 8.75015590e-14]\n",
      "[8.74753131e-38 1.00000000e+00 1.29296807e-38 0.00000000e+00]\n",
      "[9.58821351e-05 9.99011416e-01 8.92702022e-04 2.06989075e-20]\n",
      "[0.48800594 0.24936762 0.07087797 0.19174846]\n",
      "[9.97399979e-07 2.06510620e-04 3.89596878e-06 9.99788596e-01]\n",
      "[1.75132121e-03 9.92144317e-01 6.10436139e-03 1.19811468e-10]\n",
      "[3.71687706e-147 3.84438523e-130 2.79795317e-146 1.00000000e+000]\n",
      "[0.47842343 0.17606555 0.16947778 0.17603324]\n",
      "[0.48237046 0.26156868 0.06631764 0.18974321]\n",
      "[0.48670273 0.25225832 0.06970619 0.19133276]\n",
      "[4.65591998e-04 1.73445683e-02 3.75762987e-03 9.78432210e-01]\n",
      "[0.33291561 0.15710459 0.36242379 0.14755602]\n",
      "[3.12216563e-04 9.97305709e-01 2.38207487e-03 5.56514606e-16]\n",
      "[0.0898219  0.88657725 0.02050384 0.00309701]\n",
      "[2.23223122e-02 9.64233055e-01 1.34132566e-02 3.13757755e-05]\n",
      "[0.00598983 0.08392685 0.05593377 0.85414955]\n",
      "[1.14509810e-02 9.77365871e-01 1.11810362e-02 2.11161531e-06]\n",
      "[1.72372253e-12 4.36163622e-09 1.26219604e-12 9.99999996e-01]\n",
      "[0.36983364 0.15920376 0.31916428 0.15179832]\n",
      "[1.29352465e-16 1.26229746e-12 3.96427036e-17 1.00000000e+00]\n",
      "[0.30773959 0.15608165 0.3906341  0.14554466]\n",
      "[4.46239918e-02 9.38657085e-01 1.63577942e-02 3.61129261e-04]\n",
      "[0.49711672 0.18953413 0.12780668 0.18554247]\n",
      "[1.91292957e-21 7.41843544e-17 3.06499717e-22 1.00000000e+00]\n",
      "[1.38510569e-03 9.93086952e-01 5.52794246e-03 2.73465831e-11]\n",
      "[4.87673532e-10 4.82122881e-07 6.92860662e-10 9.99999517e-01]\n",
      "[7.09589571e-04 2.28927623e-02 5.93181602e-03 9.70465832e-01]\n",
      "[6.44719658e-03 9.84038482e-01 9.51416832e-03 1.52670838e-07]\n",
      "[9.39398461e-03 9.80017646e-01 1.05874869e-02 8.82820577e-07]\n",
      "[1.86905002e-04 9.98200902e-01 1.61219273e-03 7.77805730e-18]\n",
      "[0.1272807  0.84128595 0.02327385 0.00815949]\n",
      "[3.22626906e-03 9.89114208e-01 7.65951834e-03 4.25078225e-09]\n",
      "[3.71862193e-05 9.99631920e-01 3.30893732e-04 2.51279099e-24]\n",
      "[0.1896676  0.15657426 0.50267418 0.15108396]\n",
      "[0.21519434 0.15543738 0.48267289 0.14669539]\n",
      "[0.19045942 0.75884111 0.02738179 0.02331768]\n",
      "[0.08105007 0.8968588  0.01979157 0.00229955]\n",
      "[0.27204327 0.63949442 0.03237877 0.05608355]\n",
      "[0.16149849 0.79764718 0.0255565  0.01529783]\n",
      "[0.0148672  0.13185977 0.13705054 0.71622249]\n",
      "[0.04046803 0.17922689 0.32639724 0.45390784]\n",
      "[0.0825905  0.89506104 0.01991894 0.00242953]\n",
      "[0.17134435 0.15798274 0.51437322 0.1562997 ]\n",
      "[0.06867312 0.18100023 0.45186044 0.29846621]\n",
      "[2.33827824e-09 1.73278498e-06 4.06029950e-09 9.99998261e-01]\n",
      "[2.29988936e-05 2.13414798e-03 1.34626127e-04 9.97708227e-01]\n",
      "[0.2911799  0.15557983 0.40859045 0.14464982]\n",
      "[2.22146043e-05 9.99797333e-01 1.80452506e-04 1.48160007e-26]\n",
      "[0.27032978 0.64216047 0.03227151 0.05523823]\n",
      "[5.71066510e-43 5.06609091e-36 9.44917116e-44 1.00000000e+00]\n",
      "[1.71819063e-21 6.74824994e-17 2.74051412e-22 1.00000000e+00]\n",
      "[0.30503311 0.15599024 0.39360271 0.14537394]\n",
      "[1.40241282e-02 9.74154856e-01 1.18160359e-02 4.97966180e-06]\n",
      "[0.1297628  0.83819705 0.02344574 0.00859441]\n",
      "[3.55483706e-19 7.34353132e-15 7.37885609e-20 1.00000000e+00]\n",
      "[9.28381525e-33 6.61698104e-27 1.00855904e-33 1.00000000e+00]\n",
      "[3.43882033e-017 1.00000000e+000 1.65095284e-017 2.67578987e-156]\n",
      "[1.69436334e-02 9.70606552e-01 1.24390631e-02 1.07512374e-05]\n",
      "[0.16173108 0.15897429 0.51929978 0.15999485]\n",
      "[0.00813334 0.09878193 0.0760955  0.81698922]\n",
      "[0.39728986 0.16135273 0.28540063 0.15595677]\n",
      "[0.47358608 0.27959673 0.06105696 0.18576023]\n",
      "[0.23610421 0.69395538 0.03016871 0.0397717 ]\n",
      "[1.22419255e-02 9.76368342e-01 1.13869202e-02 2.81221618e-06]\n",
      "[3.87201598e-02 9.45373336e-01 1.56815382e-02 2.24965804e-04]\n",
      "[0.00250555 0.05071237 0.02273953 0.92404256]\n",
      "[0.46508512 0.29648775 0.05723305 0.18119407]\n",
      "[5.42623147e-03 9.85532996e-01 9.04070689e-03 6.53964286e-08]\n",
      "[4.05124933e-09 2.70428955e-06 7.55793916e-09 9.99997284e-01]\n",
      "[4.49380489e-02 9.38300010e-01 1.63923932e-02 3.69547727e-04]\n",
      "[1.20557187e-08 6.50274001e-06 2.59772309e-08 9.99993459e-01]\n",
      "[0.47810536 0.27042542 0.06354959 0.18791963]\n",
      "[0.44861025 0.32853797 0.05184371 0.17100808]\n",
      "[5.41036658e-05 9.99445720e-01 5.00176322e-04 9.59919999e-23]\n",
      "[0.48132002 0.2637731  0.06559116 0.18931573]\n",
      "[3.90824843e-02 9.44960774e-01 1.57245818e-02 2.32159524e-04]\n",
      "[9.73447914e-07 2.02715972e-04 3.79005205e-06 9.99792521e-01]\n",
      "[2.33633815e-04 1.09045641e-02 1.76874095e-03 9.87093061e-01]\n",
      "[1.19144353e-10 1.00000000e+00 1.69053268e-11 9.05528604e-82]\n",
      "[7.50771844e-12 1.00000000e+00 8.23509897e-13 1.95397144e-94]\n",
      "[0.0102099  0.11078749 0.09530861 0.783694  ]\n",
      "[0.00246344 0.05019538 0.02233888 0.92500231]\n",
      "[0.44526561 0.33497964 0.05096884 0.16878591]\n",
      "[3.85150452e-07 9.99998950e-01 6.65082558e-07 4.74376785e-45]\n",
      "[0.43740188 0.16604852 0.23263643 0.16391317]\n",
      "[8.89115345e-06 1.06620293e-03 4.62503902e-05 9.98878656e-01]\n",
      "[0.49201651 0.24006624 0.07511898 0.19279827]\n",
      "[0.18504878 0.76622667 0.02704592 0.02167862]\n",
      "[6.58017131e-04 9.95524917e-01 3.81706582e-03 1.68289579e-13]\n",
      "[2.37367545e-08 9.99999963e-01 1.30912212e-08 8.49700879e-58]\n",
      "[0.06519372 0.18179802 0.44069527 0.31231299]\n",
      "[0.11829559 0.8523722  0.0226414  0.00669082]\n",
      "[0.1079957  0.16910354 0.51909203 0.20380873]\n",
      "[1.93749755e-46 4.02813874e-39 4.01916196e-47 1.00000000e+00]\n",
      "[6.64352513e-05 4.55571597e-03 4.40347861e-04 9.94937501e-01]\n",
      "[3.35662647e-19 6.98326272e-15 6.94471345e-20 1.00000000e+00]\n",
      "[1.02100254e-04 6.16014631e-03 7.09631149e-04 9.93028122e-01]\n",
      "[0.31468795 0.15633286 0.38295459 0.14602461]\n",
      "[0.35355949 0.50444158 0.03814516 0.10385378]\n",
      "[0.00465437 0.07292355 0.04324099 0.87918109]\n",
      "[0.48116606 0.17725566 0.1644495  0.17712879]\n",
      "[3.29070787e-03 9.88998272e-01 7.71101494e-03 4.74013850e-09]\n",
      "[6.59800178e-04 2.18295626e-02 5.48351086e-03 9.72027126e-01]\n",
      "[2.96700426e-16 2.59397626e-12 9.69218584e-17 1.00000000e+00]\n",
      "[0.04457442 0.18123901 0.34996068 0.42422589]\n",
      "[0.48274689 0.17800611 0.16145774 0.17778927]\n",
      "[0.35066985 0.15801831 0.34190332 0.14940852]\n",
      "[1.11534477e-08 6.10985347e-06 2.37855933e-08 9.99993855e-01]\n",
      "[0.17564841 0.77890883 0.02645733 0.01898543]\n",
      "[2.52907695e-03 9.90439527e-01 7.03139515e-03 1.07498583e-09]\n",
      "[5.05242778e-06 9.99968849e-01 2.60982539e-05 3.33086722e-33]\n",
      "[0.41396474 0.16301146 0.26406967 0.15895413]\n",
      "[0.49935632 0.21893989 0.08859567 0.19310812]\n",
      "[0.11917739 0.16623619 0.52471307 0.18987335]\n",
      "[0.49982934 0.19490667 0.11729687 0.18796713]\n",
      "[0.17170354 0.15794934 0.51417115 0.15617596]\n",
      "[9.43510308e-05 9.99026592e-01 8.79056801e-04 1.78559408e-20]\n",
      "[0.48859881 0.18134664 0.149586   0.18046856]\n",
      "[3.96730356e-09 2.65891050e-06 7.38104565e-09 9.99997330e-01]\n",
      "[0.23540721 0.15504958 0.46466666 0.14487656]\n",
      "[0.24978558 0.67358143 0.03100263 0.04563036]\n",
      "[5.14882619e-06 9.99968066e-01 2.67856482e-05 4.06300047e-33]\n",
      "[5.11136107e-05 3.78365099e-03 3.28833174e-04 9.95836402e-01]\n",
      "[0.33651216 0.53401541 0.03677239 0.09270004]\n",
      "[0.30685343 0.15605132 0.39160751 0.14548774]\n",
      "[3.54920920e-06 5.39021147e-04 1.64018633e-05 9.99441028e-01]\n",
      "[0.2426859  0.68420852 0.03056923 0.04253635]\n",
      "[1.04508191e-07 9.99999792e-01 1.03002028e-07 4.88006320e-51]\n",
      "[1.08647349e-21 4.50402386e-17 1.70025978e-22 1.00000000e+00]\n",
      "[4.11876782e-04 9.96713300e-01 2.87482353e-03 4.98549920e-15]\n",
      "[0.19092886 0.15649755 0.50177587 0.15079771]\n",
      "[0.00311337 0.05775081 0.02853291 0.91060291]\n",
      "[0.08639179 0.89061072 0.02022898 0.00276851]\n",
      "[2.26869559e-09 1.69081407e-06 3.92404660e-09 9.99998303e-01]\n",
      "[7.42511909e-03 9.82664878e-01 9.90970342e-03 2.99431678e-07]\n",
      "[4.10046221e-05 3.23396029e-03 2.57142929e-04 9.96467892e-01]\n",
      "[0.45409417 0.16903365 0.20872508 0.16814709]\n",
      "[1.21879075e-06 9.99995282e-01 3.49967417e-06 9.69053219e-40]\n",
      "[0.00518912 0.07752592 0.0483328  0.86895216]\n",
      "[0.47634224 0.17524267 0.17317551 0.17523957]\n",
      "[9.54488319e-06 1.12338439e-03 5.00992022e-05 9.98816972e-01]\n",
      "[0.42946205 0.36519987 0.04749927 0.15783882]\n",
      "[0.02677435 0.1637897  0.23401653 0.57541942]\n",
      "[1.31840266e-44 1.74820616e-37 2.41858548e-45 1.00000000e+00]\n",
      "[1.40358074e-58 5.67766427e-50 7.30505911e-59 1.00000000e+00]\n",
      "[0.45698974 0.31231469 0.05432631 0.17636927]\n",
      "[0.00175325 0.04075046 0.01560966 0.94188663]\n",
      "[1.61553436e-03 9.92479916e-01 5.90454929e-03 7.25659843e-11]\n",
      "[9.55824186e-13 2.64884073e-09 6.57047740e-13 9.99999997e-01]\n",
      "[2.61867175e-03 9.90260778e-01 7.12054892e-03 1.31349078e-09]\n",
      "[0.43556461 0.3535713  0.04872584 0.16213824]\n",
      "[0.47836662 0.26988939 0.06370626 0.18803773]\n",
      "[0.32798422 0.15687959 0.36803231 0.14710388]\n",
      "[0.47323239 0.17412001 0.1785412  0.17410641]\n",
      "[0.15222806 0.80969966 0.02495451 0.01311777]\n",
      "[3.15838501e-111 2.46156660e-097 2.60917076e-110 1.00000000e+000]\n",
      "[0.04477699 0.18131548 0.35107385 0.42283367]\n",
      "[3.99589434e-04 1.56645272e-02 3.18159629e-03 9.80754287e-01]\n",
      "[4.02050199e-14 1.78318705e-10 2.00924181e-14 1.00000000e+00]\n",
      "[0.50032545 0.21468673 0.09226847 0.19271935]\n",
      "[0.25022852 0.15498872 0.45055466 0.1442281 ]\n",
      "[3.11547891e-02 9.54013806e-01 1.47253097e-02 1.06095616e-04]\n",
      "[2.81058348e-03 9.89887068e-01 7.30234705e-03 1.96569982e-09]\n",
      "[2.04055559e-23 1.34281617e-18 2.76818772e-24 1.00000000e+00]\n",
      "[0.34597536 0.15776045 0.34737936 0.14888483]\n",
      "[0.09507059 0.17291665 0.50665487 0.22535789]\n",
      "[1.81788038e-09 9.99999998e-01 4.47875727e-10 1.97053402e-69]\n",
      "[6.74919516e-12 1.00000000e+00 7.37136680e-13 6.27800842e-95]\n",
      "[1.64459705e-02 9.71205847e-01 1.23386414e-02 9.54119695e-06]\n",
      "[5.45715117e-02 9.27338579e-01 1.73990921e-02 6.90817651e-04]\n",
      "[9.05299373e-71 6.97361034e-61 1.19121004e-70 1.00000000e+00]\n",
      "[0.10573473 0.86762818 0.02172654 0.00491055]\n",
      "[0.22443651 0.15521188 0.47463828 0.14571333]\n",
      "[0.09027262 0.17443422 0.50001289 0.23528026]\n",
      "[0.07199559 0.90736436 0.01902043 0.00161962]\n",
      "[9.68167452e-05 9.99002180e-01 9.01003557e-04 2.26239616e-20]\n",
      "[0.3765874  0.46342211 0.04026823 0.11972226]\n",
      "[0.50114414 0.20052445 0.10842699 0.18990442]\n",
      "[2.36223089e-04 9.97823859e-01 1.93991742e-03 5.64373715e-17]\n",
      "[9.53040481e-05 9.99017139e-01 8.87556737e-04 1.95818263e-20]\n",
      "[0.43896532 0.34706896 0.04946719 0.16449854]\n",
      "[0.03154534 0.17104072 0.26859957 0.52881437]\n",
      "[1.69581191e-13 6.09670160e-10 9.75311147e-14 9.99999999e-01]\n",
      "[0.36862405 0.47774207 0.03949113 0.11414274]\n",
      "[0.33412943 0.53809364 0.0365906  0.09118634]\n",
      "[1.52231799e-04 8.12887954e-03 1.10378224e-03 9.90615106e-01]\n",
      "[0.49568561 0.23064359 0.08032877 0.19334203]\n",
      "[3.76908715e-26 5.06056446e-21 4.39166178e-27 1.00000000e+00]\n",
      "[3.85817005e-03 9.88013801e-01 8.12801785e-03 1.12240148e-08]\n",
      "[0.36600811 0.15894901 0.3237542  0.15128869]\n",
      "[0.05750247 0.18291104 0.41198677 0.34759971]\n",
      "[0.00794829 0.09760972 0.07436723 0.82007475]\n",
      "[2.95787072e-04 9.97412162e-01 2.29205120e-03 3.59389798e-16]\n",
      "[0.04438268 0.18116478 0.34890282 0.42554971]\n",
      "[3.02117566e-13 9.96748937e-10 1.84206294e-13 9.99999999e-01]\n",
      "[0.40313627 0.41472865 0.04332587 0.13880921]\n",
      "[0.43727836 0.16602956 0.23280778 0.16388431]\n",
      "[4.23138439e-04 9.96651347e-01 2.92551499e-03 6.14509006e-15]\n",
      "[0.37270954 0.47041279 0.03988338 0.11699429]\n",
      "[3.09986097e-04 9.97319997e-01 2.37001717e-03 5.25248460e-16]\n",
      "[1.40433626e-05 9.99884157e-01 1.01799595e-04 1.38914573e-28]\n",
      "[0.50123609 0.20842994 0.09854114 0.19179282]\n",
      "[3.57844226e-03 9.88491435e-01 7.93011529e-03 7.48922983e-09]\n",
      "[2.15388603e-03 9.91223064e-01 6.62304931e-03 4.19521924e-10]\n",
      "[3.19639828e-28 7.28812959e-23 3.49881217e-29 1.00000000e+00]\n",
      "[4.45536935e-10 4.47659632e-07 6.25835960e-10 9.99999551e-01]\n",
      "[2.60783176e-26 3.64858355e-21 3.01937302e-27 1.00000000e+00]\n",
      "[4.31236793e-49 1.71779323e-41 1.08049682e-49 1.00000000e+00]\n",
      "[2.46565901e-04 1.13117924e-02 1.87647974e-03 9.86565162e-01]\n",
      "[0.13524318 0.16286137 0.52667859 0.17521685]\n",
      "[0.24678361 0.67808928 0.03081916 0.04430795]\n",
      "[2.88071475e-03 9.89753370e-01 7.36591278e-03 2.25942495e-09]\n",
      "[1.88510283e-11 3.25628005e-08 1.80537921e-11 9.99999967e-01]\n",
      "[1.17846464e-26 1.80156353e-21 1.34710199e-27 1.00000000e+00]\n",
      "[0.23648917 0.15503925 0.46366008 0.14481149]\n",
      "[2.74787033e-06 9.99986095e-01 1.11574737e-05 5.38492280e-36]\n",
      "[0.38220467 0.45323845 0.0408495  0.12370738]\n",
      "[5.17678589e-43 4.64082058e-36 8.58807171e-44 1.00000000e+00]\n",
      "[2.55712314e-16 2.28028038e-12 8.25693383e-17 1.00000000e+00]\n",
      "[0.06540756 0.91494875 0.01843166 0.00121203]\n",
      "[6.44105137e-14 2.66859263e-10 3.36775341e-14 1.00000000e+00]\n",
      "[4.85697422e-04 1.78382697e-02 3.93431598e-03 9.77741717e-01]\n",
      "[1.21242868e-15 8.77163310e-12 4.43653963e-16 1.00000000e+00]\n",
      "[0.33667033 0.5337442  0.03678454 0.09280093]\n",
      "[3.14171959e-11 4.98752596e-08 3.19416978e-11 9.99999950e-01]\n",
      "[2.99889366e-02 9.55351955e-01 1.45664362e-02 9.26717814e-05]\n",
      "[4.66377154e-02 9.36367526e-01 1.65774905e-02 4.17268283e-04]\n",
      "[7.53185547e-06 9.99947535e-01 4.49334933e-05 2.18602845e-31]\n",
      "[8.73575862e-05 9.99096632e-01 8.16009970e-04 8.78127815e-21]\n",
      "[8.55551400e-07 1.83681545e-04 3.27388455e-06 9.99812189e-01]\n",
      "[1.71331820e-05 9.99851933e-01 1.30933799e-04 1.06292456e-27]\n",
      "[0.37099947 0.47348513 0.03971761 0.1157978 ]\n",
      "[1.14359650e-02 9.77384913e-01 1.11770220e-02 2.09968215e-06]\n",
      "[2.46231862e-02 9.61549149e-01 1.37823760e-02 4.52885780e-05]\n",
      "[0.42124826 0.38076855 0.04602657 0.15195662]\n",
      "[0.1604331  0.79904121 0.02548784 0.01503785]\n",
      "[3.51037541e-04 1.43621989e-02 2.76231706e-03 9.82524446e-01]\n",
      "[0.13146269 0.83607489 0.02356279 0.00889963]\n",
      "[0.38790433 0.16054814 0.29711459 0.15443294]\n",
      "[0.40923781 0.40334899 0.04416515 0.14324805]\n",
      "[1.04197178e-08 5.78548374e-06 2.20207625e-08 9.99994182e-01]\n",
      "[1.78760090e-15 1.22663723e-11 6.75716974e-16 1.00000000e+00]\n",
      "[0.00245408 0.05007991 0.02224986 0.92521616]\n",
      "[0.47269634 0.1739379  0.17944884 0.17391692]\n",
      "[0.15324228 0.16002064 0.52277806 0.16395901]\n",
      "[4.54562123e-06 9.99972898e-01 2.25560922e-05 1.09526346e-33]\n",
      "[0.36953246 0.15918336 0.31952658 0.1517576 ]\n",
      "[4.90766153e-07 1.19912263e-04 1.74269338e-06 9.99877854e-01]\n",
      "[2.16844581e-133 1.60381648e-117 1.97020193e-132 1.00000000e+000]\n",
      "[0.22679231 0.15516783 0.47253463 0.14550523]\n",
      "[1.42058365e-23 9.74533489e-19 1.90583010e-24 1.00000000e+00]\n",
      "[0.12806987 0.16426261 0.52655977 0.18110775]\n",
      "[0.43086808 0.36252521 0.04777095 0.15883575]\n",
      "[6.84322844e-019 1.00000000e+000 8.23564151e-019 4.00043288e-179]\n",
      "[3.19594082e-04 9.97258805e-01 2.42160074e-03 6.71606571e-16]\n",
      "[0.07725198 0.90127802 0.01947297 0.00199703]\n",
      "[0.4915738  0.18354483 0.14285973 0.18202164]\n",
      "[1.43761424e-27 2.77619742e-22 1.59775133e-28 1.00000000e+00]\n",
      "[0.14002925 0.82529624 0.02414503 0.01052948]\n",
      "[0.08433746 0.17634294 0.48998419 0.2493354 ]\n",
      "[3.19156692e-04 1.34710356e-02 2.48939549e-03 9.83720412e-01]\n",
      "[0.08733913 0.17537621 0.49532127 0.24196338]\n",
      "[1.45190716e-06 2.74796616e-04 5.96294036e-06 9.99717789e-01]\n",
      "[0.01785908 0.1422961  0.16278586 0.67705896]\n",
      "[2.70504444e-02 9.58736768e-01 1.41488403e-02 6.39470681e-05]\n",
      "[0.16093847 0.79838024 0.02552043 0.01516086]\n",
      "[0.34101925 0.1575011  0.35312137 0.14835828]\n",
      "[1.28840242e-03 9.93358585e-01 5.35301288e-03 1.71261744e-11]\n",
      "[7.65880385e-58 2.58908961e-49 3.76149212e-58 1.00000000e+00]\n",
      "[8.16612630e-11 1.10367095e-07 9.30494404e-11 9.99999889e-01]\n",
      "[0.4784414  0.17607293 0.16944544 0.17604023]\n",
      "[2.48062256e-07 7.07467342e-05 8.03286311e-07 9.99928202e-01]\n",
      "[6.26704481e-04 9.95660008e-01 3.71328729e-03 1.18003773e-13]\n",
      "[0.05820955 0.18285656 0.41486891 0.34406497]\n",
      "[1.75525908e-04 8.96653298e-03 1.29141832e-03 9.89566523e-01]\n",
      "[0.39997681 0.4205952  0.04291495 0.13651304]\n",
      "[4.03832141e-02 9.43480246e-01 1.58773386e-02 2.59200923e-04]\n",
      "[0.14197122 0.82283304 0.02427536 0.01092039]\n",
      "[7.13543220e-12 1.00000000e+00 7.81032592e-13 1.13636082e-94]\n",
      "[5.31362261e-08 2.11602806e-05 1.39697310e-07 9.99978647e-01]\n",
      "[0.05681913 0.18295265 0.40915303 0.35107518]\n",
      "[3.05268217e-10 3.28080735e-07 4.08973998e-10 9.99999671e-01]\n",
      "[2.22092523e-03 9.91078458e-01 6.70061668e-03 5.03125336e-10]\n",
      "[0.45405355 0.3180146  0.05340396 0.1745279 ]\n",
      "[4.77505188e-30 1.72689555e-24 5.11057034e-31 1.00000000e+00]\n",
      "[7.19402027e-04 9.95270609e-01 4.00998851e-03 3.19964185e-13]\n",
      "[0.3511251  0.5087069  0.03794048 0.10222752]\n",
      "[3.45187842e-06 9.99981172e-01 1.53763104e-05 6.00746360e-35]\n",
      "[1.42880390e-11 2.58260883e-08 1.32518295e-11 9.99999974e-01]\n",
      "[0.15792902 0.15942191 0.52096799 0.16168109]\n",
      "[2.12455522e-08 1.02252475e-05 4.93774577e-08 9.99989704e-01]\n",
      "[1.90096570e-02 9.68138234e-01 1.28351769e-02 1.69319709e-05]\n",
      "[0.26979138 0.15514589 0.43098912 0.14407361]\n",
      "[0.06717384 0.91291975 0.01859208 0.00131433]\n",
      "[0.49143682 0.2414587  0.07443335 0.19267113]\n",
      "[1.53191609e-07 4.86062722e-05 4.64740651e-07 9.99950776e-01]\n",
      "[1.99085362e-03 9.91584451e-01 6.42469491e-03 2.61864027e-10]\n",
      "[0.27474952 0.15522363 0.42588339 0.14414346]\n",
      "[8.07613287e-17 8.38386466e-13 2.38949836e-17 1.00000000e+00]\n",
      "[0.20630741 0.73684086 0.02835612 0.02849562]\n",
      "[0.49302282 0.18480542 0.13932707 0.18284469]\n",
      "[4.12353746e-12 9.10065091e-09 3.32251890e-12 9.99999991e-01]\n",
      "[2.07826850e-04 1.00673836e-02 1.55528937e-03 9.88169500e-01]\n",
      "[0.10206159 0.17079455 0.51428197 0.21286189]\n",
      "[0.49298142 0.18476723 0.1394309  0.18282045]\n",
      "[0.11207419 0.168008   0.52162307 0.19829474]\n",
      "[0.41048615 0.4010129  0.04434492 0.14415603]\n",
      "[0.10904631 0.16881598 0.51980111 0.2023366 ]\n",
      "[6.87610400e-05 9.99288662e-01 6.42577101e-04 9.39156729e-22]\n",
      "[0.42766784 0.16466178 0.24593672 0.16173367]\n",
      "[5.74563897e-02 9.24048431e-01 1.76829319e-02 8.12247615e-04]\n",
      "[0.00546879 0.0798243  0.05099123 0.86371567]\n",
      "[0.00186261 0.04230634 0.01664156 0.93918948]\n",
      "[0.00689254 0.09054455 0.06446095 0.83810196]\n",
      "[0.00835376 0.10015438 0.07815081 0.81334104]\n",
      "[0.25204532 0.15499256 0.44877976 0.14418236]\n",
      "[0.44482473 0.3358275  0.05085779 0.16848998]\n",
      "[5.43580442e-07 1.29725172e-04 1.95701399e-06 9.99867774e-01]\n",
      "[0.08042909 0.89758262 0.01973993 0.00224835]\n",
      "[0.50139973 0.20497453 0.10255022 0.19107552]\n",
      "[4.41931628e-02 9.39146935e-01 1.63101222e-02 3.49780390e-04]\n",
      "[0.00560893 0.08094991 0.05232189 0.86111927]\n",
      "[5.71200754e-03 9.85107220e-01 9.18068774e-03 8.44231789e-08]\n",
      "[0.05948492 0.18273057 0.41994009 0.33784441]\n",
      "[3.16792966e-03 9.89220001e-01 7.61206580e-03 3.84280287e-09]\n",
      "[0.19774424 0.74879681 0.02783119 0.02562776]\n",
      "[0.32837016 0.54789445 0.03615981 0.08757558]\n",
      "[0.15918351 0.8006733  0.02540714 0.01473605]\n",
      "[0.23218923 0.69970555 0.02993081 0.0381744 ]\n",
      "[3.60307507e-02 9.48438374e-01 1.53548409e-02 1.76034295e-04]\n",
      "[6.88378961e-05 9.99287851e-01 6.43310985e-04 9.49100244e-22]\n",
      "[3.42512515e-02 9.50469828e-01 1.51311030e-02 1.47817338e-04]\n",
      "[0.12380509 0.84559192 0.02303118 0.00757181]\n",
      "[0.14199799 0.16168784 0.5258485  0.17046567]\n",
      "[0.49551847 0.18741539 0.13266047 0.18440567]\n",
      "[0.05446138 0.18300598 0.39900582 0.36352682]\n",
      "[0.49993226 0.195202   0.11678257 0.18808317]\n",
      "[1.56331279e-11 2.78452930e-08 1.46507312e-11 9.99999972e-01]\n",
      "[0.3238241  0.5555739  0.0358277  0.08477431]\n",
      "[6.34472361e-06 9.99958019e-01 3.56365345e-05 3.63633505e-32]\n",
      "[0.39251794 0.16093347 0.29138046 0.15516813]\n",
      "[1.03021304e-07 9.99999796e-01 1.00934454e-07 4.19614557e-51]\n",
      "[0.02534889 0.16112664 0.22319671 0.59032776]\n",
      "[3.20623768e-04 9.97252302e-01 2.42707442e-03 6.89191142e-16]\n",
      "[0.00103275 0.02918159 0.00888193 0.96090374]\n",
      "[2.86349246e-17 3.40160849e-13 7.86071903e-18 1.00000000e+00]\n",
      "[1.19185842e-03 9.93641676e-01 5.16646596e-03 1.02829059e-11]\n",
      "[1.91261593e-14 9.43375560e-11 8.91488907e-15 1.00000000e+00]\n",
      "[0.38540821 0.447401   0.04119479 0.125996  ]\n",
      "[0.30004432 0.15583127 0.39904059 0.14508382]\n",
      "[0.46065462 0.17050968 0.19880815 0.17002754]\n",
      "[6.24627766e-06 8.21297236e-04 3.10599566e-05 9.99141397e-01]\n",
      "[0.47479476 0.27716064 0.06168631 0.18635828]\n",
      "[3.56919012e-02 9.48824960e-01 1.53127264e-02 1.70412476e-04]\n",
      "[3.58707666e-05 9.99646524e-01 3.17605509e-04 1.76306107e-24]\n",
      "[9.70928690e-06 1.13758854e-03 5.10722895e-05 9.98801630e-01]\n",
      "[0.18972269 0.15657086 0.50263517 0.15107129]\n",
      "[0.47860241 0.17613934 0.16915532 0.17610294]\n",
      "[0.10696825 0.86614207 0.02181815 0.00507153]\n",
      "[7.62560888e-05 9.99210260e-01 7.13483737e-04 2.48117836e-21]\n",
      "[0.06182341 0.18241536 0.42882026 0.32694097]\n",
      "[0.31290807 0.57380836 0.0350551  0.07822847]\n",
      "[0.43609439 0.16584976 0.23444649 0.16360936]\n",
      "[0.44987543 0.16818827 0.21492764 0.16700866]\n",
      "[5.16968146e-13 1.57318130e-09 3.33148287e-13 9.99999998e-01]\n",
      "[3.34641977e-05 2.79614615e-03 2.04896206e-04 9.96965493e-01]\n",
      "[0.47737425 0.17564285 0.17135355 0.17562935]\n",
      "[4.45034390e-04 9.96533403e-01 3.02156234e-03 9.06719593e-15]\n",
      "[0.22989141 0.15511772 0.46973512 0.14525575]\n",
      "[1.76879475e-292 4.69542499e-266 2.30543491e-293 1.00000000e+000]\n",
      "[8.98580427e-05 5.63376367e-03 6.15919706e-04 9.93660459e-01]\n",
      "[0.11102443 0.1682846  0.52102779 0.19966318]\n",
      "[7.30825941e-08 2.72062184e-05 2.00587340e-07 9.99972520e-01]\n",
      "[3.71134053e-06 9.99979273e-01 1.70161044e-05 1.29139753e-34]\n",
      "[6.81973090e-07 9.99997802e-01 1.51621084e-06 2.03502306e-42]\n",
      "[1.02464465e-03 9.94165377e-01 4.80997839e-03 3.74795513e-12]\n",
      "[1.32053502e-06 9.99994753e-01 3.92679372e-06 2.27039251e-39]\n",
      "[0.37641934 0.46372575 0.04025129 0.11960363]\n",
      "[0.21460623 0.15545473 0.48317167 0.14676737]\n",
      "[1.52133273e-05 1.58072260e-03 8.46523303e-05 9.98319412e-01]\n",
      "[8.40404817e-13 2.37530426e-09 5.69886031e-13 9.99999998e-01]\n",
      "[0.11733045 0.85355428 0.02257244 0.00654283]\n",
      "[9.20143011e-04 2.70951628e-02 7.84714566e-03 9.64137549e-01]\n",
      "[9.65039322e-07 2.01378293e-04 3.75295034e-06 9.99793904e-01]\n",
      "[1.37911317e-03 9.93103465e-01 5.51742137e-03 2.65948676e-11]\n",
      "[0.00430377 0.06974238 0.03989751 0.88605634]\n",
      "[3.28450816e-02 9.52077600e-01 1.49495739e-02 1.27744732e-04]\n",
      "[2.88275054e-11 4.64230847e-08 2.90135245e-11 9.99999954e-01]\n",
      "[1.57202098e-61 1.30301299e-52 1.03129485e-61 1.00000000e+00]\n",
      "[0.38835038 0.44202124 0.04152149 0.12810688]\n",
      "[3.93256020e-11 6.01343234e-08 4.10573069e-11 9.99999940e-01]\n",
      "[6.50753674e-06 8.46623182e-04 3.25297622e-05 9.99114340e-01]\n",
      "[4.42109738e-05 3.41245265e-03 2.79694223e-04 9.96263642e-01]\n",
      "[2.44518267e-02 9.61748378e-01 1.37556646e-02 4.41311736e-05]\n",
      "[5.03530966e-03 9.86126513e-01 8.83813268e-03 4.48752796e-08]\n",
      "[1.01686663e-013 1.00000000e+000 1.25278468e-014 8.51788585e-115]\n",
      "[0.23038705 0.70234067 0.02982135 0.03745094]\n",
      "[0.2954116  0.15569485 0.40404985 0.1448437 ]\n",
      "[0.2943761  0.15566585 0.40516407 0.14479398]\n",
      "[0.26738311 0.64672885 0.03208768 0.05380037]\n",
      "[1.90641894e-12 4.74899389e-09 1.41129481e-12 9.99999995e-01]\n",
      "[0.48710835 0.251364   0.07006208 0.19146557]\n",
      "[0.23592736 0.15504449 0.46418324 0.14484491]\n",
      "[4.38803332e-06 6.31615685e-04 2.08466239e-05 9.99343150e-01]\n",
      "[1.89282167e-05 9.99832829e-01 1.48242601e-04 2.92995759e-27]\n",
      "[0.02718263 0.16450715 0.2370746  0.57123562]\n",
      "[0.16208814 0.15893394 0.51913446 0.15984347]\n",
      "[1.24642617e-59 6.51230130e-51 7.04638845e-60 1.00000000e+00]\n",
      "[0.05175954 0.18287333 0.38665877 0.37870836]\n",
      "[6.57575052e-19 1.25895750e-14 1.41443796e-19 1.00000000e+00]\n",
      "[0.02823403 0.16626646 0.24486529 0.56063421]\n",
      "[7.17504425e-04 9.95278276e-01 4.00421982e-03 3.13973480e-13]\n",
      "[0.26475305 0.15508194 0.43611955 0.14404546]\n",
      "[0.00330799 0.05985687 0.0303906  0.90644454]\n",
      "[1.33911392e-04 9.98651941e-01 1.21414738e-03 4.22855448e-19]\n",
      "[0.49816018 0.22322257 0.08529102 0.19332622]\n",
      "[0.01517797 0.13304093 0.13976435 0.71201675]\n",
      "[3.20891911e-07 9.99999168e-01 5.11385041e-07 6.85743564e-46]\n",
      "[3.12571259e-03 9.89297066e-01 7.57721811e-03 3.56726879e-09]\n",
      "[0.04778215 0.18222823 0.36704863 0.40294099]\n",
      "[0.21996658 0.15531015 0.47856906 0.14615421]\n",
      "[1.01974885e-04 6.15486450e-03 7.08665596e-04 9.93034495e-01]\n",
      "[0.00723323 0.09289819 0.06766601 0.83220257]\n",
      "[4.98934279e-06 6.95041163e-04 2.41012980e-05 9.99275868e-01]\n",
      "[6.75906687e-05 9.99301025e-01 6.31384308e-04 7.98722871e-22]\n",
      "[0.48611075 0.17979947 0.15481137 0.17927841]\n",
      "[0.48541667 0.17940446 0.15621804 0.17896083]\n",
      "[2.72244909e-05 9.99742376e-01 2.30399330e-04 1.14204470e-25]\n",
      "[0.33356732 0.15713524 0.36167963 0.14761782]\n",
      "[0.3663937  0.15897425 0.32329274 0.15133931]\n",
      "[2.09792197e-05 9.99810743e-01 1.68277694e-04 8.31218914e-27]\n",
      "[0.49774062 0.2245848  0.08431258 0.193362  ]\n",
      "[0.41666296 0.38941617 0.0452794  0.14864146]\n",
      "[0.47409492 0.17441973 0.17707056 0.17441479]\n",
      "[3.48384612e-04 9.97080769e-01 2.57084676e-03 1.33804543e-15]\n",
      "[0.25414111 0.6670034  0.03126951 0.04758598]\n",
      "[1.11639008e-07 3.79481713e-05 3.24482113e-07 9.99961616e-01]\n",
      "[0.01501176 0.13241222 0.13831406 0.71426197]\n",
      "[1.08795642e-29 3.59583158e-24 1.16695690e-30 1.00000000e+00]\n",
      "[0.41823078 0.38646299 0.04552941 0.14977682]\n",
      "[3.40749902e-16 2.92462854e-12 1.12527197e-16 1.00000000e+00]\n",
      "[6.66594871e-03 9.83726926e-01 9.60694596e-03 1.79310125e-07]\n",
      "[0.03006277 0.1690401  0.2581243  0.54277283]\n",
      "[0.16290478 0.7958035  0.02564695 0.01564477]\n",
      "[0.49629536 0.2289299  0.08139869 0.19337605]\n",
      "[1.58142735e-54 2.38139425e-46 5.98862526e-55 1.00000000e+00]\n",
      "[1.55954967e-10 1.88560128e-07 1.92273910e-10 9.99999811e-01]\n",
      "[9.06346654e-03 9.80453258e-01 1.04825242e-02 7.51207803e-07]\n",
      "[0.17980197 0.15726063 0.5093086  0.1536288 ]\n",
      "[0.33209857 0.15706647 0.36335576 0.1474792 ]\n",
      "[3.04375598e-02 9.54836748e-01 1.46279963e-02 9.76954079e-05]\n",
      "[0.34224642 0.5241448  0.03721928 0.0963895 ]\n",
      "[1.99845366e-03 9.91567278e-01 6.43426846e-03 2.67948108e-10]\n",
      "[5.30208953e-07 1.27263577e-04 1.90247731e-06 9.99870304e-01]\n",
      "[1.73300237e-07 9.99999615e-01 2.11418316e-07 1.01352385e-48]\n",
      "[0.00318483 0.05853172 0.02921499 0.90906845]\n",
      "[0.06801256 0.18116225 0.44982353 0.30100166]\n",
      "[0.49453716 0.23373331 0.07850162 0.19322792]\n",
      "[0.08694674 0.88995931 0.02027376 0.0028202 ]\n",
      "[0.29806597 0.15577169 0.40118457 0.14497778]\n",
      "[1.76844381e-60 1.13554709e-51 1.06855998e-60 1.00000000e+00]\n",
      "[1.12422544e-12 3.03887272e-09 7.86270561e-13 9.99999997e-01]\n",
      "[1.83605914e-07 9.99999587e-01 2.29604080e-07 1.86587135e-48]\n",
      "[0.015012   0.13241316 0.13831622 0.71425862]\n",
      "[0.49564962 0.187573   0.13228327 0.18449411]\n",
      "[0.01915876 0.14624012 0.17368743 0.66091368]\n",
      "[0.4805455  0.26538798 0.0650754  0.18899112]\n",
      "[4.99104219e-02 9.32645508e-01 1.69243481e-02 5.19722169e-04]\n",
      "[0.37034284 0.1592384  0.31855136 0.15186739]\n",
      "[0.49879199 0.2210489  0.08692298 0.19323613]\n",
      "[1.52226744e-03 9.92719421e-01 5.75831103e-03 4.99228454e-11]\n",
      "[0.43290444 0.35864663 0.04817573 0.16027319]\n",
      "[0.49557923 0.1874881  0.13248613 0.18444655]\n",
      "[0.41249173 0.3972543  0.04463992 0.14561405]\n",
      "[8.22149607e-06 9.99941248e-01 5.05308430e-05 5.45139702e-31]\n",
      "[0.50055938 0.21344723 0.0934224  0.19257098]\n",
      "[0.32416017 0.5550079  0.03585203 0.0849799 ]\n",
      "[0.45029084 0.32529446 0.05230632 0.17210838]\n",
      "[4.24230978e-46 8.11346227e-39 8.59717607e-47 1.00000000e+00]\n",
      "[4.59177405e-11 6.84133770e-08 4.88304638e-11 9.99999931e-01]\n",
      "[0.1472641  0.16086461 0.52465106 0.16722022]\n",
      "[1.10884428e-02 9.77826773e-01 1.10829470e-02 1.83689692e-06]\n",
      "[2.21542032e-91 2.13718495e-79 9.86457383e-91 1.00000000e+00]\n",
      "[7.37546020e-08 9.99999863e-01 6.30071456e-08 1.24408159e-52]\n",
      "[3.80519513e-03 9.88103216e-01 8.09157862e-03 1.04245749e-08]\n",
      "[0.37243078 0.47091406 0.0398562  0.11679896]\n",
      "[1.55761599e-07 4.92418313e-05 4.73602790e-07 9.99950129e-01]\n",
      "[4.08720547e-02 9.42924026e-01 1.59340563e-02 2.69863148e-04]\n",
      "[0.04363763 0.180859   0.34475286 0.43075051]\n",
      "[3.02871318e-09 2.13719458e-06 5.43937887e-09 9.99997854e-01]\n",
      "[0.30530912 0.58633029 0.03453502 0.07382557]\n",
      "[0.0619518  0.18239516 0.42929238 0.32636066]\n",
      "[2.20493780e-03 9.91112745e-01 6.68231703e-03 4.82073109e-10]\n",
      "[0.49952797 0.19410439 0.11872431 0.18764333]\n",
      "[0.03012571 0.1691294  0.25857397 0.54217093]\n",
      "[6.51061606e-09 3.96498710e-06 1.29284151e-08 9.99996016e-01]\n",
      "[0.02151917 0.15261995 0.19304274 0.63281814]\n",
      "[4.08167813e-04 9.96733903e-01 2.85792914e-03 4.64704617e-15]\n",
      "[3.05726876e-03 9.89422946e-01 7.51978162e-03 3.15379953e-09]\n",
      "[0.24503244 0.15499089 0.45557872 0.14439796]\n",
      "[0.00169355 0.0398828  0.01504728 0.94337636]\n",
      "[1.29973870e-82 1.65353012e-71 3.68840293e-82 1.00000000e+00]\n",
      "[4.27588430e-04 9.96627112e-01 2.94529933e-03 6.66283078e-15]\n",
      "[0.06173085 0.18242975 0.42847891 0.3273605 ]\n",
      "[0.07323823 0.90592847 0.01912871 0.00170458]\n",
      "[4.20563774e-04 1.62088956e-02 3.36394372e-03 9.80006597e-01]\n",
      "[0.42801151 0.16470734 0.24547363 0.16180752]\n",
      "[0.18085846 0.15717945 0.50863341 0.15332868]\n",
      "[0.49489666 0.23278316 0.07905015 0.19327003]\n",
      "[1.95589324e-08 9.57280984e-06 4.49568854e-08 9.99990363e-01]\n",
      "[0.18074326 0.15718821 0.50870746 0.15336107]\n",
      "[0.22089314 0.71609978 0.02924468 0.03376241]\n",
      "[1.75431214e-06 9.99992348e-01 5.89795790e-06 4.62932054e-38]\n",
      "[8.55611208e-04 9.94748719e-01 4.39566995e-03 1.08793260e-12]\n",
      "[3.79918198e-03 9.88113395e-01 8.08741290e-03 1.03367093e-08]\n",
      "[0.06929001 0.91048467 0.01878174 0.00144358]\n",
      "[0.02774269 0.16545986 0.24123969 0.56555776]\n",
      "[1.63030348e-03 9.92442692e-01 5.92700481e-03 7.68145137e-11]\n",
      "[0.06438841 0.18196102 0.43795472 0.31569586]\n",
      "[1.88056931e-13 6.65820395e-10 1.09284751e-13 9.99999999e-01]\n",
      "[4.66586025e-16 3.83986520e-12 1.57968169e-16 1.00000000e+00]\n",
      "[2.90238335e-07 7.99124487e-05 9.60040116e-07 9.99918837e-01]\n",
      "[0.35010847 0.51048403 0.03785593 0.10155157]\n",
      "[0.3223608  0.15663775 0.37437924 0.14662221]\n",
      "[0.0225647  0.15515367 0.20142998 0.62085165]\n",
      "[0.11315509 0.16772713 0.52219695 0.19692083]\n",
      "[6.95638050e-04 9.95367490e-01 3.93687236e-03 2.51453133e-13]\n",
      "[0.00808956 0.09850627 0.07568683 0.81771733]\n",
      "[0.33148903 0.15703825 0.36405034 0.14742239]\n",
      "[0.0012992  0.03377276 0.01135203 0.95357601]\n",
      "[1.55911945e-03 9.92623848e-01 5.81703254e-03 5.80553392e-11]\n",
